dropout_rate: 0.32414762210012366
hidden_neurons: 108
lr: 0.0007098408879863702
weight_decay: 0.000182970936079017
