dropout_rate: 0.3157800043353651
hidden_neurons: 44
lr: 0.0053505686214163515
weight_decay: 0.00517001445735742
