dropout_rate: 0.06579077238130793
hidden_neurons: 122
lr: 0.002171766484038702
weight_decay: 0.002460669742826328
