dropout_rate: 0.3092313431315768
hidden_neurons: 102
lr: 0.001424292964062764
weight_decay: 2.4024854903389988e-05
